训练集评估结果:
R2: 0.9865520544869754
MSE: 93.73444366455078
MAE: 7.187386512756348
Loss: 93.73444366455078

测试集评估结果:
R2: 0.9617596912274582
MSE: 254.2328643798828
MAE: 11.280169486999512
Loss: 254.2328643798828
