训练集评估结果:
R2: 0.9970469462390131
MSE: 0.4631895124912262
MAE: 0.4903275966644287
Loss: 0.4631895124912262

测试集评估结果:
R2: 0.9699297909363993
MSE: 4.51904296875
MAE: 1.410130262374878
Loss: 4.51904296875
