训练集评估结果:
R2: 0.991865566692677
MSE: 1156.8275146484375
MAE: 25.720836639404297
Loss: 1156.8275146484375

测试集评估结果:
R2: 0.9842959819216119
MSE: 2185.23974609375
MAE: 32.956871032714844
Loss: 2185.23974609375
