最优的目标函数值为：266.8709716796875
AL:20.5336724838959
EMS:14.999797438213339
HTPB:10.000484796956657
AP:54.46604528093412
