最优的目标函数值为：266.8709716796875
AL:20.53619930447824
EMS:14.999848129375838
HTPB:10.000402729242516
AP:54.463549836903404
