最优的目标函数值为：266.8710021972656
AL:20.53362039541133
EMS:14.999972487915562
HTPB:10.000083037267757
AP:54.466324079405354
