最优的目标函数值为：261.65875244140625
AL:17.195877257359925
EMS:10.000437517507075
HTPB:14.000017730922924
AP:58.80366749421007
