最优的目标函数值为：261.6589660644531
AL:17.197946870618335
EMS:10.00000195141793
HTPB:14.000021854705846
AP:58.80202932325788
