最优的目标函数值为：261.6585998535156
AL:17.185653889577292
EMS:10.000400305958468
HTPB:14.000042034724864
AP:58.813903769739376
