最优的目标函数值为：265.3243408203125
AL:17.16920032646911
EMS:14.060639412118688
HTPB:14.000005452496724
AP:54.77015480891548
