最优的目标函数值为：265.3243408203125
AL:17.168641081440082
EMS:14.06128803830205
HTPB:14.000004789814076
AP:54.7700660904438
