最优的目标函数值为：265.3243408203125
AL:17.168614661373816
EMS:14.061195262035268
HTPB:14.000001353824436
AP:54.77018872276648
